6;2;2;
0 0 9 -8 1;
1 1 9 3.26471 1;
2 2 9 6.0419 1;
3 3 9 -8 1;
4 4 9 6.53368 0;
5 5 9 6.17472 1;
6 6 9 3.73562 1;
7 0 10 -8 1;
8 1 10 3.24603 1;
9 2 10 8 1;
10 3 10 -8 0;
11 4 10 8 1;
12 5 10 -0.963385 1;
13 6 10 -0.139611 1;
14 0 7 -5.16353 1;
15 4 7 -1.00261 1;
16 7 9 -6.57955 1;
198 0 8 -6.80426 1;
199 3 8 0.313399 1;
200 8 10 -4.87188 1;
1057 2 7 -0.980341 1;
3182 7 10 -4.121 1;
3270 8 9 3.6437 1;
3615 6 7 -1.75429 1;
5594 2 8 -5.92727 1;
6409 5 8 -7.98282 1;
25739 4 8 6.34815 1;
27062 1 8 -2.94174 1;
