4;22;2;
0 0 27 -3.43306 1;
1 1 27 6.91668 1;
2 2 27 8 1;
3 3 27 2.27263 1;
4 4 27 8 0;
5 0 28 -3.58684 1;
6 1 28 -8 1;
7 2 28 2.22088 1;
8 3 28 -5.49304 0;
9 4 28 -3.00523 1;
133 0 7 -2.27426 1;
134 3 7 2.72298 1;
135 7 28 -2.45627 1;
257 0 26 -6.48626 1;
258 4 26 -0.360225 0;
259 26 27 3.44958 1;
491 2 26 -3.40241 0;
888 0 12 0.693754 1;
889 2 12 -2.76769 1;
890 12 26 -1.16595 0;
903 0 16 -1.0914 1;
904 4 16 1 0;
905 16 26 -4.62483 1;
2816 1 12 -3.31599 0;
2817 0 6 -0.630106 1;
2818 1 6 1 0;
2819 6 12 -2.04134 0;
2967 7 27 -1.56643 1;
3984 6 7 0.838347 1;
4561 0 20 3.63659 1;
4562 12 20 1 0;
4563 20 26 -0.794044 0;
4700 3 26 -6.94375 1;
5278 0 18 -2.51853 1;
5279 12 18 -0.870747 0;
5280 18 20 1 0;
5664 0 9 0 1;
5665 6 9 1 0;
5666 9 12 -6.41154 1;
6034 0 15 0.356273 1;
6035 4 15 -0.879531 0;
6036 15 16 1 1;
6781 3 12 -8 0;
7290 7 26 3.37927 0;
7411 0 21 0 1;
7412 20 21 1 1;
7413 21 26 -3.69137 1;
7513 0 19 -3.3967 1;
7514 18 19 1 1;
7515 19 20 2.40678 1;
7801 0 13 0 1;
7802 4 13 4.16101 1;
7803 13 15 1 0;
8465 0 11 -0.00355342 1;
8466 3 11 1 0;
8467 11 12 -6.92738 1;
8642 0 24 0 1;
8643 7 24 1 0;
8644 24 26 0.154754 0;
8678 0 8 0 1;
8679 6 8 -0.674477 1;
8680 8 9 1 1;
8819 0 25 0 1;
8820 24 25 1 1;
8821 25 26 1.88461 1;
8907 0 10 0 1;
8908 3 10 -1.49233 1;
8909 10 11 1 1;
9119 0 14 0 1;
9120 13 14 1 1;
9121 14 15 1 1;
9637 1 14 -3.68286 1;
9885 11 13 1.09946 1;
10000 0 23 0 1;
10001 7 23 1.19102 0;
10002 23 24 1 1;
10447 13 24 -5.5158 1;
10527 0 17 -4.74881 1;
10528 12 17 1 1;
10529 17 18 0.0701634 1;
10579 0 22 0 1;
10580 7 22 1 1;
10581 22 23 1 1;
12452 0 5 0 1;
12453 1 5 1 1;
12454 5 6 1 1;
