4;9;2;
0 0 14 -6.53292 1;
1 1 14 7.0421 0;
2 2 14 2.04154 1;
3 3 14 1.3633 1;
4 4 14 1.26035 0;
5 0 15 6.46812 1;
6 1 15 -1.19396 0;
7 2 15 -1.5545 1;
8 3 15 5.45039 0;
9 4 15 5.24882 0;
22 0 7 -2.11367 1;
23 1 7 8 0;
24 7 15 1.90349 0;
703 0 5 7.83478 1;
704 4 5 -2.76109 1;
705 5 15 7.10089 0;
733 0 9 -4.12917 1;
734 5 9 7.35983 0;
735 9 15 -4.76795 1;
820 0 10 -1.95529 1;
821 3 10 -1.16622 1;
822 10 15 -8 1;
1529 0 11 -0.431724 1;
1530 1 11 2.91891 1;
1531 11 14 7.96831 1;
1620 11 15 -8 1;
1655 0 6 -1.53919 1;
1656 1 6 -3.81391 1;
1657 6 7 8 1;
2452 3 6 -7.82741 1;
7614 0 8 -3.26485 1;
7615 5 8 1 1;
7616 8 9 8 1;
7846 5 6 0.417494 1;
8048 6 8 -1.80314 1;
8578 2 5 3.05387 1;
9364 3 5 -3.06061 1;
9451 0 12 0.212951 1;
9452 4 12 4.99246 1;
9453 12 14 6.70232 1;
9942 5 10 8 1;
10200 7 8 -3.50868 1;
10214 0 13 -1.87706 1;
10215 7 13 -4.69994 1;
10216 13 15 1.78021 1;
10570 9 10 3.55912 1;
10622 9 14 -5.25268 1;
